object FireMonkeyForm: TFireMonkeyForm
  Left = 0
  Top = 0
  BorderIcons = []
  Caption = 'Example 2D'
  ClientHeight = 272
  ClientWidth = 431
  Visible = True
  FormFactor.Width = 320
  FormFactor.Height = 480
  FormFactor.Devices = [dkDesktop, dkiPhone, dkiPad]
  DesignerMobile = False
  DesignerWidth = 0
  DesignerHeight = 0
  DesignerDeviceName = ''
  DesignerOrientation = 0
  object GroupBox1: TGroupBox
    StyledSettings = [ssFamily, ssSize, ssStyle, ssFontColor, ssOther]
    Height = 257.000000000000000000
    Margins.Left = 8.000000000000000000
    Margins.Top = 8.000000000000000000
    Margins.Right = 8.000000000000000000
    Margins.Bottom = 8.000000000000000000
    Position.X = 8.000000000000000000
    Position.Y = 8.000000000000000000
    Text = 'FireMonkey'
    Width = 415.000000000000000000
    TabOrder = 0
    object Button1: TButton
      Height = 22.000000000000000000
      Position.X = 24.000000000000000000
      Position.Y = 30.000000000000000000
      TabOrder = 0
      Text = 'Button1'
      Width = 80.000000000000000000
      OnClick = ButtonClick
      object ShadowEffect1: TShadowEffect
        Distance = 3.000000000000000000
        Direction = 45.000000000000000000
        Softness = 0.300000011920929000
        Opacity = 0.600000023841857900
        ShadowColor = claBlack
      end
    end
    object Button2: TButton
      Height = 22.000000000000000000
      Position.X = 24.000000000000000000
      Position.Y = 70.000000000000000000
      TabOrder = 1
      Text = 'Button2'
      Width = 80.000000000000000000
      OnClick = ButtonClick
      object ReflectionEffect1: TReflectionEffect
        Opacity = 0.500000000000000000
        Offset = 0
        Length = 0.500000000000000000
      end
    end
    object Edit1: TEdit
      TabOrder = 2
      Position.X = 144.000000000000000000
      Position.Y = 32.000000000000000000
      Width = 257.000000000000000000
      Height = 22.000000000000000000
      KillFocusByReturn = False
      object GlowEffect1: TGlowEffect
        Softness = 0.400000005960464500
        GlowColor = claGold
        Opacity = 0.899999976158142100
      end
    end
    object TabControl1: TTabControl
      Height = 164.000000000000000000
      Position.X = 144.000000000000000000
      Position.Y = 80.000000000000000000
      TabIndex = 0
      TabOrder = 3
      Width = 257.000000000000000000
      object TabItem1: TTabItem
        WordWrap = False
        Height = 22.000000000000000000
        IsSelected = True
        Position.X = 1.000000000000000000
        TabOrder = 0
        Text = 'TabItem1'
        Width = 68.000000000000000000
        object AlphaTrackBar1: TAlphaTrackBar
          Height = 20.000000000000000000
          Orientation = orHorizontal
          Position.X = 16.000000000000000000
          Position.Y = 18.000000000000000000
          TabOrder = 0
          Width = 100.000000000000000000
        end
      end
      object TabItem2: TTabItem
        WordWrap = False
        Height = 22.000000000000000000
        IsSelected = False
        Position.X = 69.000000000000000000
        TabOrder = 1
        Text = 'TabItem2'
        Width = 68.000000000000000000
      end
    end
    object Switch1: TSwitch
      Height = 27.000000000000000000
      IsChecked = False
      Position.X = 24.000000000000000000
      Position.Y = 120.000000000000000000
      TabOrder = 4
      Width = 78.000000000000000000
    end
    object AniIndicator1: TAniIndicator
      Enabled = True
      Height = 105.000000000000000000
      Position.X = 24.000000000000000000
      Position.Y = 152.000000000000000000
      Width = 105.000000000000000000
    end
  end
end
